0 -1.7389991930659485 -0.43480147996914814 -1.4245687900521393 1.0 0.0
1 -1.7389991930659485 1.195704069915157 -1.2810354107017978 1.0 0.0
2 -1.7008297638941763 -1.7159129834496736 -1.3528021003769686 0.0 1.0
3 -1.7008297638941763 1.0404178270690327 -1.1375020313514563 0.0 1.0
4 -1.6626603347224038 -0.3959799192576171 -0.5633685139500905 0.0 1.0
5 -1.6626603347224038 1.0015962663575015 -1.209268721026627 0.0 1.0
6 -1.6244909055506316 -1.7159129834496736 -0.2763017552494075 0.0 1.0
7 -1.6244909055506316 1.700384359165061 -1.1375020313514563 0.0 1.0
8 -1.5863214763788591 -1.832377665584267 1.804932245330544 1.0 0.0
9 -1.5863214763788591 0.8463100235113773 -0.6351352036252612 0.0 1.0
10 -1.5863214763788591 -1.405340497757425 2.0202323143560563 1.0 0.0
11 -1.5863214763788591 1.8944921627227165 -0.2763017552494075 0.0 1.0
12 -1.5481520472070869 -1.3665189370458939 1.3743321072795196 0.0 1.0
13 -1.5481520472070869 1.0404178270690327 -1.0657353416762856 0.0 1.0
14 -1.5481520472070869 -1.444162058468956 -0.13276837589906598 1.0 0.0
15 -1.5481520472070869 1.118060948492095 -1.209268721026627 1.0 0.0
16 -1.5099826180353144 -0.5900877228152724 -0.2763017552494075 0.0 1.0
17 -1.5099826180353144 0.6133806592421909 -1.3528021003769686 1.0 0.0
18 -1.4336437596917697 -0.823017087084459 0.9437319692284951 1.0 0.0
19 -1.4336437596917697 1.8556706020111853 -0.2763017552494075 0.0 1.0
20 -1.3954743305199975 -0.5900877228152724 -0.2763017552494075 1.0 0.0
21 -1.3954743305199975 0.8851315842229084 -0.9939686520011148 1.0 0.0
22 -1.357304901348225 -1.7547345441612048 0.5131318311774707 0.0 1.0
23 -1.357304901348225 0.8851315842229084 -0.5633685139500905 1.0 0.0
24 -1.2427966138329078 -1.405340497757425 1.0872653485788366 0.0 1.0
25 -1.2427966138329078 1.234525630626688 -0.706901893300432 1.0 0.0
26 -1.2427966138329078 -0.7065524049498657 0.44136514150229994 0.0 1.0
27 -1.2427966138329078 0.4192728556845355 -0.2763017552494075 1.0 0.0
28 -1.2046271846611356 -0.7453739656613968 0.08253169312644625 0.0 1.0
29 -1.2046271846611356 1.4286334341843434 -1.1375020313514563 0.0 1.0
30 -1.1664577554893631 -1.7935561048727358 1.517865486629861 1.0 0.0
31 -1.1664577554893631 0.8851315842229084 -1.2810354107017978 0.0 1.0
32 -1.0519494679740462 -1.7935561048727358 1.0154986589036659 1.0 0.0
33 -1.0519494679740462 1.622741237741999 -1.49633547972731 1.0 0.0
34 -1.0519494679740462 -1.405340497757425 0.728431900202983 0.0 1.0
35 -1.0519494679740462 1.195704069915157 -1.2810354107017978 0.0 1.0
36 -1.0137800388022737 -1.288875815622832 0.22606507247678773 0.0 1.0
37 -1.0137800388022737 0.8851315842229084 -0.6351352036252612 0.0 1.0
38 -0.8992717512869568 -0.9394817692190521 -0.20453506557423673 0.0 1.0
39 -0.8992717512869568 0.9627747056459706 -1.3528021003769686 0.0 1.0
40 -0.8611023221151844 -0.5900877228152724 1.8766989350057148 0.0 1.0
41 -0.8611023221151844 1.622741237741999 -1.0657353416762856 1.0 0.0
42 -0.8229328929434121 -0.5512661621037414 0.6566652105278122 1.0 0.0
43 -0.8229328929434121 0.4192728556845355 -0.5633685139500905 0.0 1.0
44 -0.8229328929434121 -0.86183864779599 0.728431900202983 0.0 1.0
45 -0.8229328929434121 0.5745590985306598 -1.0657353416762856 0.0 1.0
46 -0.7847634637716397 0.18634349141534906 0.8001985898781537 0.0 1.0
47 -0.7847634637716397 -0.12422899427689955 -0.8504352726507735 0.0 1.0
48 -0.7847634637716397 -0.31833679783455493 -0.706901893300432 0.0 1.0
49 -0.7847634637716397 -0.31833679783455493 -0.5633685139500905 0.0 1.0
50 -0.7084246054280949 0.06987880928075582 0.728431900202983 0.0 1.0
51 -0.7084246054280949 0.38045129497300445 -0.41983513459974897 1.0 0.0
52 -0.6702551762563226 0.14752193070381797 -0.5633685139500905 0.0 1.0
53 -0.6702551762563226 0.38045129497300445 1.4460987969546903 1.0 0.0
54 -0.6702551762563226 -0.20187211569996172 0.8001985898781537 0.0 1.0
55 -0.6702551762563226 -0.357158358546086 0.5848985208526415 1.0 0.0
56 -0.6320857470845502 -0.007764312142306325 0.8719652795533244 0.0 1.0
57 -0.6320857470845502 -0.16305055498843063 2.163765693706398 1.0 0.0
58 -0.5557468887410055 0.03105724856922475 -0.8504352726507735 0.0 1.0
59 -0.5557468887410055 -0.16305055498843063 1.0154986589036659 1.0 0.0
60 -0.5557468887410055 0.22516505212688012 2.2355323833815683 1.0 0.0
61 -0.5557468887410055 0.18634349141534906 -1.4245687900521393 1.0 0.0
62 -0.5175774595692332 0.06987880928075582 2.0202323143560563 0.0 1.0
63 -0.5175774595692332 0.34162973426147336 1.0872653485788366 0.0 1.0
64 -0.4794080303974609 0.03105724856922475 1.7331655556553733 1.0 0.0
65 -0.4794080303974609 0.34162973426147336 -1.49633547972731 1.0 0.0
66 -0.4794080303974609 -0.007764312142306325 0.2978317621519585 0.0 1.0
67 -0.4794080303974609 -0.08540743356536848 2.091999004031227 0.0 1.0
68 -0.4794080303974609 0.34162973426147336 -1.4245687900521393 1.0 0.0
69 -0.4794080303974609 -0.12422899427689955 -0.49160182427491966 0.0 1.0
70 -0.44123860122568853 0.18634349141534906 2.2355323833815683 1.0 0.0
71 -0.44123860122568853 -0.31833679783455493 0.5848985208526415 0.0 1.0
72 -0.4030691720539161 -0.046585872853837404 1.517865486629861 0.0 1.0
73 -0.4030691720539161 0.22516505212688012 1.517865486629861 0.0 1.0
74 -0.2503914553668267 -0.12422899427689955 1.4460987969546903 1.0 0.0
75 -0.2503914553668267 0.14752193070381797 -0.9222019623259441 1.0 0.0
76 -0.2503914553668267 0.1087003699922869 0.44136514150229994 0.0 1.0
77 -0.2503914553668267 -0.08540743356536848 0.08253169312644625 1.0 0.0
78 -0.2503914553668267 0.06987880928075582 -1.1375020313514563 0.0 1.0
79 -0.2503914553668267 -0.31833679783455493 0.728431900202983 0.0 1.0
80 -0.2503914553668267 0.03105724856922475 1.3025654176043489 1.0 0.0
81 -0.2503914553668267 0.18634349141534906 -0.061001686223895235 1.0 0.0
82 -0.2503914553668267 -0.357158358546086 2.0202323143560563 1.0 0.0
83 -0.2503914553668267 -0.24069367641149278 0.5131318311774707 0.0 1.0
84 -0.2503914553668267 0.2639866128384112 -1.2810354107017978 0.0 1.0
85 -0.2503914553668267 -0.16305055498843063 0.6566652105278122 1.0 0.0
86 -0.13588316785150967 0.30280817354994227 1.1590320382540074 0.0 1.0
87 -0.13588316785150967 0.18634349141534906 -1.209268721026627 0.0 1.0
88 -0.09771373867973732 0.38045129497300445 -0.3480684449245782 0.0 1.0
89 -0.09771373867973732 -0.16305055498843063 0.8001985898781537 0.0 1.0
90 -0.05954430950796496 0.18634349141534906 2.091999004031227 0.0 1.0
91 -0.05954430950796496 -0.357158358546086 -1.49633547972731 1.0 0.0
92 -0.021374880336192604 -0.046585872853837404 0.6566652105278122 1.0 0.0
93 -0.021374880336192604 -0.3959799192576171 0.08253169312644625 0.0 1.0
94 -0.021374880336192604 -0.31833679783455493 -0.49160182427491966 0.0 1.0
95 -0.021374880336192604 0.06987880928075582 -1.0657353416762856 1.0 0.0
96 -0.021374880336192604 -0.12422899427689955 0.5848985208526415 0.0 1.0
97 -0.021374880336192604 -0.007764312142306325 -0.8504352726507735 0.0 1.0
98 0.01679454883557975 -0.31833679783455493 0.6566652105278122 1.0 0.0
99 0.01679454883557975 -0.046585872853837404 -1.3528021003769686 1.0 0.0
100 0.0549639780073521 -0.357158358546086 -1.1375020313514563 0.0 1.0
101 0.0549639780073521 -0.08540743356536848 0.728431900202983 0.0 1.0
102 0.0549639780073521 0.34162973426147336 2.0202323143560563 1.0 0.0
103 0.0549639780073521 0.18634349141534906 -0.9222019623259441 1.0 0.0
104 0.0549639780073521 0.22516505212688012 0.728431900202983 1.0 0.0
105 0.0549639780073521 -0.31833679783455493 -1.2810354107017978 0.0 1.0
106 0.09313340717912445 -0.007764312142306325 1.9484656246808856 0.0 1.0
107 0.09313340717912445 -0.16305055498843063 1.0872653485788366 1.0 0.0
108 0.09313340717912445 -0.27951523712302384 2.091999004031227 1.0 0.0
109 0.09313340717912445 -0.08540743356536848 1.9484656246808856 1.0 0.0
110 0.09313340717912445 0.06987880928075582 1.8766989350057148 1.0 0.0
111 0.09313340717912445 0.14752193070381797 -1.4245687900521393 0.0 1.0
112 0.13130283635089682 -0.31833679783455493 -0.061001686223895235 0.0 1.0
113 0.13130283635089682 -0.16305055498843063 -1.4245687900521393 1.0 0.0
114 0.16947226552266917 -0.08540743356536848 -1.49633547972731 0.0 1.0
115 0.16947226552266917 -0.007764312142306325 -1.4245687900521393 0.0 1.0
116 0.16947226552266917 -0.27951523712302384 1.7331655556553733 0.0 1.0
117 0.16947226552266917 0.34162973426147336 0.728431900202983 0.0 1.0
118 0.24581112386621387 -0.27951523712302384 0.8719652795533244 0.0 1.0
119 0.24581112386621387 0.2639866128384112 0.8001985898781537 0.0 1.0
120 0.24581112386621387 0.22516505212688012 -0.8504352726507735 1.0 0.0
121 0.24581112386621387 -0.3959799192576171 -0.061001686223895235 0.0 1.0
122 0.3221499822097586 0.30280817354994227 0.08253169312644625 0.0 1.0
123 0.3221499822097586 1.5839196770304678 0.010765003451275509 1.0 0.0
124 0.36031941138153095 -0.823017087084459 -1.1375020313514563 0.0 1.0
125 0.36031941138153095 1.0404178270690327 -0.5633685139500905 0.0 1.0
126 0.3984888405533033 -0.5900877228152724 0.2978317621519585 1.0 0.0
127 0.3984888405533033 1.7392059198765921 0.08253169312644625 1.0 0.0
128 0.3984888405533033 -1.5218051798920182 1.4460987969546903 1.0 0.0
129 0.3984888405533033 0.9627747056459706 -0.061001686223895235 1.0 0.0
130 0.3984888405533033 -1.5994483013150804 0.5848985208526415 1.0 0.0
131 0.3984888405533033 0.9627747056459706 0.010765003451275509 1.0 0.0
132 0.43665826972507565 -0.6289092835268035 -0.9939686520011148 0.0 1.0
133 0.43665826972507565 0.8074884627998463 -0.5633685139500905 0.0 1.0
134 0.474827698896848 -1.7547345441612048 -1.3528021003769686 1.0 0.0
135 0.474827698896848 1.4674549948958746 -0.706901893300432 0.0 1.0
136 0.474827698896848 -1.6770914227381426 0.36959845182712925 0.0 1.0
137 0.474827698896848 0.8851315842229084 -0.49160182427491966 1.0 0.0
138 0.5129971280686204 -1.5606267406035494 -1.4245687900521393 1.0 0.0
139 0.5129971280686204 0.8463100235113773 -0.2763017552494075 0.0 1.0
140 0.5511665572403928 -1.7547345441612048 1.3025654176043489 0.0 1.0
141 0.5511665572403928 1.66156279845353 -0.49160182427491966 1.0 0.0
142 0.5893359864121651 -0.3959799192576171 -0.7786685829756027 0.0 1.0
143 0.5893359864121651 1.4286334341843434 -0.49160182427491966 0.0 1.0
144 0.6275054155839375 -1.4829836191804873 -0.9939686520011148 1.0 0.0
145 0.6275054155839375 1.8168490412996543 -0.7786685829756027 1.0 0.0
146 0.6275054155839375 -0.5512661621037414 0.6566652105278122 1.0 0.0
147 0.6275054155839375 0.9239531449344395 -0.49160182427491966 0.0 1.0
148 0.6656748447557098 -1.0947680120651764 -0.3480684449245782 0.0 1.0
149 0.6656748447557098 1.5450981163189368 -0.3480684449245782 1.0 0.0
150 0.6656748447557098 -1.288875815622832 0.2978317621519585 1.0 0.0
151 0.6656748447557098 1.4674549948958746 0.010765003451275509 1.0 0.0
152 0.6656748447557098 -1.1724111334882386 0.36959845182712925 0.0 1.0
153 0.6656748447557098 1.0015962663575015 -0.061001686223895235 0.0 1.0
154 0.6656748447557098 -1.327697376334363 0.5848985208526415 0.0 1.0
155 0.6656748447557098 1.5062765556074056 -0.8504352726507735 0.0 1.0
156 0.6656748447557098 -1.9100207870073291 -0.13276837589906598 1.0 0.0
157 0.6656748447557098 1.0792393877805637 -0.6351352036252612 0.0 1.0
158 0.6656748447557098 -1.9100207870073291 -0.3480684449245782 1.0 0.0
159 0.6656748447557098 0.8851315842229084 -0.6351352036252612 0.0 1.0
160 0.7038442739274822 -0.5900877228152724 1.230798727929178 0.0 1.0
161 0.7038442739274822 1.2733471913382193 -0.706901893300432 0.0 1.0
162 0.7801831322710269 -1.7547345441612048 -1.4245687900521393 1.0 0.0
163 0.7801831322710269 1.66156279845353 -0.5633685139500905 0.0 1.0
164 0.9328608489581163 -0.9394817692190521 0.8001985898781537 1.0 0.0
165 0.9328608489581163 0.9627747056459706 -0.20453506557423673 0.0 1.0
166 0.9710302781298886 -1.1724111334882386 0.22606507247678773 1.0 0.0
167 0.9710302781298886 1.7392059198765921 -0.41983513459974897 0.0 1.0
168 1.009199707301661 -0.900660208507521 -0.20453506557423673 0.0 1.0
169 1.009199707301661 0.49691597710759766 -0.49160182427491966 1.0 0.0
170 1.009199707301661 -1.444162058468956 0.08253169312644625 1.0 0.0
171 1.009199707301661 0.9627747056459706 -0.7786685829756027 1.0 0.0
172 1.009199707301661 -1.5606267406035494 -0.20453506557423673 1.0 0.0
173 1.009199707301661 1.622741237741999 -0.20453506557423673 1.0 0.0
174 1.0473691364734332 -1.444162058468956 0.9437319692284951 0.0 1.0
175 1.0473691364734332 1.3898118734728124 -0.6351352036252612 0.0 1.0
176 1.0473691364734332 -1.3665189370458939 1.3743321072795196 1.0 0.0
177 1.0473691364734332 0.7298453413767841 -0.8504352726507735 1.0 0.0
178 1.238216282332295 -1.405340497757425 1.4460987969546903 1.0 0.0
179 1.238216282332295 1.5450981163189368 -0.2763017552494075 1.0 0.0
180 1.3908939990193845 -0.7065524049498657 -0.13276837589906598 0.0 1.0
181 1.3908939990193845 1.3898118734728124 -0.49160182427491966 0.0 1.0
182 1.429063428191157 -1.3665189370458939 0.5131318311774707 1.0 0.0
183 1.429063428191157 1.4674549948958746 -0.706901893300432 0.0 1.0
184 1.4672328573629292 -0.43480147996914814 0.154298382801617 0.0 1.0
185 1.4672328573629292 1.8168490412996543 -0.6351352036252612 1.0 0.0
186 1.543571715706474 -1.0171248906421142 1.0872653485788366 0.0 1.0
187 1.543571715706474 0.691023780665253 -0.7786685829756027 1.0 0.0
188 1.6199105740500186 -1.288875815622832 0.154298382801617 0.0 1.0
189 1.6199105740500186 1.3509903127612812 -0.20453506557423673 0.0 1.0
190 1.6199105740500186 -1.0559464513536454 -0.3480684449245782 0.0 1.0
191 1.6199105740500186 0.7298453413767841 -0.49160182427491966 0.0 1.0
192 2.0016048657677423 -1.6382698620266116 -0.41983513459974897 1.0 0.0
193 2.0016048657677423 1.5839196770304678 -0.061001686223895235 0.0 1.0
194 2.2687908699701484 -1.327697376334363 0.5848985208526415 0.0 1.0
195 2.2687908699701484 1.118060948492095 -0.2763017552494075 0.0 1.0
196 2.4978074450007828 -0.86183864779599 0.44136514150229994 0.0 1.0
197 2.4978074450007828 0.9239531449344395 -0.49160182427491966 1.0 0.0
198 2.9176711658902788 -1.2500542549113007 -0.49160182427491966 1.0 0.0
199 2.9176711658902788 1.2733471913382193 -0.6351352036252612 1.0 0.0
